0.999925
1
0.999925
0.999699
0.999322
0.998795
0.998118
0.99729
0.996313
0.995185
0.993907
0.99248
0.990903
0.989177
0.987301
0.985278
0.983106
0.980785
0.978317
0.975702
0.97294
0.970031
0.966977
0.963776
0.960431
0.95694
0.953306
0.949528
0.945607
0.941544
0.937339
0.932993
0.928506
0.92388
0.919114
0.91421
0.909168
0.903989
0.898675
0.893224
0.88764
0.881921
0.87607
0.870087
0.863973
0.857729
0.851355
0.844854
0.838225
0.83147
0.82459
0.817585
0.810458
0.803208
0.795837
0.788347
0.780738
0.773011
0.765168
0.757209
0.749137
0.740952
0.732655
0.724248
0.715731
0.707107
0.698377
0.689541
0.680601
0.671559
0.662416
0.653173
0.643832
0.634394
0.62486
0.615232
0.605512
0.5957
0.585799
0.575809
0.565732
0.555571
0.545326
0.534998
0.52459
0.514103
0.503539
0.492899
0.482185
0.471398
0.46054
0.449612
0.438617
0.427556
0.41643
0.405242
0.393993
0.382684
0.371318
0.359896
0.34842
0.336891
0.325311
0.313683
0.302007
0.290286
0.278521
0.266714
0.254867
0.242981
0.231059
0.219102
0.207113
0.195091
0.183041
0.170963
0.158859
0.146732
0.134582
0.122412
0.110223
0.0980184
0.0857986
0.0735658
0.061322
0.049069
0.0368085
0.0245425
0.0122729
1.32679e-006
-0.0122702
-0.0245399
-0.0368059
-0.0490663
-0.0613194
-0.0735632
-0.0857959
-0.0980157
-0.110221
-0.122409
-0.134579
-0.146729
-0.158857
-0.17096
-0.183038
-0.195089
-0.20711
-0.2191
-0.231057
-0.242979
-0.254864
-0.266711
-0.278518
-0.290283
-0.302004
-0.31368
-0.325309
-0.336888
-0.348417
-0.359894
-0.371316
-0.382682
-0.393991
-0.40524
-0.416428
-0.427554
-0.438615
-0.44961
-0.460537
-0.471395
-0.482182
-0.492897
-0.503537
-0.514101
-0.524588
-0.534996
-0.545323
-0.555569
-0.56573
-0.575807
-0.585796
-0.595698
-0.60551
-0.61523
-0.624858
-0.634392
-0.64383
-0.653171
-0.662414
-0.671557
-0.6806
-0.689539
-0.698375
-0.707105
-0.715729
-0.724246
-0.732653
-0.74095
-0.749135
-0.757208
-0.765166
-0.773009
-0.780736
-0.788345
-0.795836
-0.803206
-0.810456
-0.817584
-0.824588
-0.831468
-0.838224
-0.844852
-0.851354
-0.857727
-0.863972
-0.870086
-0.876069
-0.88192
-0.887639
-0.893223
-0.898673
-0.903988
-0.909167
-0.914209
-0.919113
-0.923879
-0.928505
-0.932992
-0.937338
-0.941543
-0.945607
-0.949527
-0.953305
-0.95694
-0.96043
-0.963775
-0.966976
-0.970031
-0.972939
-0.975702
-0.978317
-0.980785
-0.983105
-0.985277
-0.987301
-0.989176
-0.990902
-0.992479
-0.993907
-0.995184
-0.996312
-0.99729
-0.998118
-0.998795
-0.999322
-0.999699
-0.999925
-1
-0.999925
-0.999699
-0.999322
-0.998796
-0.998118
-0.997291
-0.996313
-0.995185
-0.993907
-0.99248
-0.990903
-0.989177
-0.987302
-0.985278
-0.983106
-0.980786
-0.978318
-0.975703
-0.972941
-0.970032
-0.966977
-0.963777
-0.960431
-0.956941
-0.953307
-0.949529
-0.945608
-0.941545
-0.93734
-0.932994
-0.928507
-0.923881
-0.919115
-0.914211
-0.909169
-0.903991
-0.898676
-0.893226
-0.887641
-0.881923
-0.876072
-0.870089
-0.863974
-0.85773
-0.851357
-0.844855
-0.838226
-0.831471
-0.824591
-0.817587
-0.810459
-0.803209
-0.795839
-0.788348
-0.780739
-0.773013
-0.765169
-0.757211
-0.749139
-0.740953
-0.732656
-0.724249
-0.715733
-0.707109
-0.698379
-0.689543
-0.680603
-0.671561
-0.662418
-0.653175
-0.643834
-0.634396
-0.624862
-0.615234
-0.605514
-0.595702
-0.585801
-0.575811
-0.565735
-0.555573
-0.545328
-0.535001
-0.524593
-0.514106
-0.503541
-0.492901
-0.482187
-0.4714
-0.460542
-0.449615
-0.438619
-0.427558
-0.416433
-0.405245
-0.393995
-0.382687
-0.371321
-0.359898
-0.348422
-0.336893
-0.325314
-0.313685
-0.302009
-0.290288
-0.278523
-0.266716
-0.254869
-0.242984
-0.231062
-0.219105
-0.207115
-0.195094
-0.183044
-0.170966
-0.158862
-0.146734
-0.134585
-0.122415
-0.110226
-0.098021
-0.0858012
-0.0735685
-0.0613247
-0.0490716
-0.0368112
-0.0245452
-0.0122755
-3.98038e-006
0.0122675
0.0245372
0.0368032
0.0490637
0.0613167
0.0735605
0.0857933
0.0980131
0.110218
0.122407
0.134577
0.146726
0.158854
0.170958
0.183036
0.195086
0.207107
0.219097
0.231054
0.242976
0.254862
0.266709
0.278516
0.290281
0.302002
0.313678
0.325306
0.336886
0.348415
0.359891
0.371313
0.382679
0.393988
0.405237
0.416426
0.427551
0.438612
0.449607
0.460535
0.471393
0.48218
0.492894
0.503535
0.514099
0.524586
0.534994
0.545321
0.555566
0.565728
0.575805
0.585794
0.595696
0.605507
0.615228
0.624856
0.63439
0.643828
0.653169
0.662412
0.671556
0.680598
0.689537
0.698373
0.707103
0.715728
0.724244
0.732651
0.740948
0.749133
0.757206
0.765164
0.773007
0.780734
0.788343
0.795834
0.803205
0.810454
0.817582
0.824587
0.831467
0.838222
0.844851
0.851353
0.857726
0.86397
0.870085
0.876068
0.881919
0.887637
0.893222
0.898672
0.903987
0.909166
0.914208
0.919112
0.923878
0.928504
0.932991
0.937337
0.941542
0.945606
0.949527
0.953305
0.956939
0.960429
0.963775
0.966975
0.97003
0.972939
0.975701
0.978316
0.980784
0.983105
0.985277
0.987301
0.989176
0.990902
0.992479
0.993906
0.995184
0.996312
0.99729
0.998118
0.998795
0.999322
0.999699
0.999925
1
0.999925
