0.999925
1
0.999925
0.999699
0.999322
0.998795
0.998118
0.99729
0.996313
0.995185
0.993907
0.99248
0.990903
0.989177
0.987301
0.985278
0.983106
0.980785
0.978317
0.975702
0.97294
0.970031
0.966977
0.963776
0.960431
0.95694
0.953306
0.949528
0.945607
0.941544
0.937339
0.932993
0.928506
0.92388
0.919114
0.91421
0.909168
0.903989
0.898675
0.893224
0.88764
0.881921
0.87607
0.870087
0.863973
0.857729
0.851355
0.844854
0.838225
0.83147
0.82459
0.817585
0.810458
0.803208
0.795837
0.788347
0.780738
0.773011
0.765168
0.757209
0.749137
0.740952
0.732655
0.724248
0.715731
0.707107
0.698377
0.689541
0.680601
0.671559
0.662416
0.653173
0.643832
0.634394
0.62486
0.615232
0.605512
-0.0653846
-0.0653846
-0.0653846
-0.0653846
-0.0653846
-0.0653846
-0.0646154
-0.0638462
-0.0630769
-0.0623077
-0.0615385
-0.0615385
-0.0615385
-0.0615385
-0.0615385
-0.0615385
-0.0615385
-0.0615385
-0.0615385
-0.0615385
-0.0615385
-0.0615385
-0.0615385
-0.0615385
-0.0615385
-0.0615385
-0.0615385
-0.0615385
-0.0615385
-0.0615385
-0.0615385
-0.0615385
-0.0615385
-0.0615385
-0.0615385
-0.0615385
-0.0615385
-0.0615385
-0.0615385
-0.0615385
-0.0615385
-0.0615385
-0.0615385
-0.0615385
-0.0615385
-0.0615385
-0.0615385
-0.0615385
-0.0615385
-0.0615385
-0.0615385
-0.0615385
-0.0615385
-0.0576923
-0.0538461
-0.0538461
-0.0538461
-0.0538461
-0.0538461
-0.05
-0.0490384
-0.0480769
-0.0471153
-0.0461538
-0.0451922
-0.0442307
-0.0432692
-0.0423076
-0.0423076
-0.0423076
-0.0423076
-0.0423076
-0.0410256
-0.0397435
-0.0384614
-0.0384614
-0.0384614
-0.0384614
-0.0384615
-0.0378204
-0.0371794
-0.0365384
-0.0358973
-0.0352563
-0.0346153
-0.0346153
-0.0346153
-0.0346153
-0.0346153
-0.0346153
-0.0346153
-0.0346153
-0.0346153
-0.0346153
-0.0346153
-0.0346153
-0.0346153
-0.0346153
-0.0346153
-0.0346153
-0.0346153
-0.0269229
-0.0269229
-0.0269229
-0.0269229
-0.0269229
-0.0269229
-0.0269229
-0.0269229
-0.0269229
-0.0269229
-0.0269229
-0.0259614
-0.0249999
-0.0240383
-0.0230768
-0.0230768
-0.0230768
-0.0230768
-0.0230768
-0.0230768
-0.0230768
-0.0230768
-0.0230768
-0.0230768
-0.0230768
-0.0230768
-0.0230768
-0.0230768
-0.0230768
-0.0230768
-0.0230768
-0.0230768
-0.0230768
-0.0211537
-0.0192306
-0.0192306
-0.0115383
-0.0115383
-0.0115383
-0.0115383
-0.0115383
-0.0115383
-0.0115383
-0.0115383
-0.0115383
-0.0115383
-0.0115383
-0.0115383
-0.0115383
-0.0115383
-0.0115383
-0.0115383
-0.0115383
-0.0115383
-0.0115383
-0.0115383
-0.0115383
-0.0115383
-0.0115383
-0.0115383
-0.0115383
-0.0115383
-0.0115383
-0.0115383
-0.0115383
0.00769385
0.00443043
0.00116702
-0.0020964
-0.00535981
-0.00862323
-0.0118866
-0.0151501
-0.992308
-0.0216769
-0.0249403
-0.0282037
-0.0314671
-0.0347306
-0.037994
-0.0412574
-0.0445208
-0.0477842
-0.0510476
-0.054311
-0.0575745
-0.0608379
-0.0641013
-0.0673647
-0.0706281
-0.0738915
-0.0771549
-0.0804183
-0.0836818
-0.0869452
-0.0902086
-0.093472
-0.0967354
-0.0999989
-0.103631
-0.107264
-0.110896
-0.114529
-0.118161
-0.121794
-0.125426
-0.129059
-0.132691
-0.136324
-0.139956
-0.143589
-0.147221
-0.150854
0.976923
0.976923
0.976923
0.976923
0.976923
0.976923
0.980769
0.980769
0.980769
0.980769
0.980769
0.980769
0.980769
0.980769
0.980769
0.980769
0.980769
0.980769
0.980769
0.980769
0.980769
0.980769
0.980769
0.980769
0.976923
0.976923
0.976923
0.976923
0.976923
0.976923
0.976923
0.976923
0.976923
0.976923
0.976923
0.976923
0.976923
0.976923
0.976923
0.976923
0.976923
0.976923
0.976923
0.976923
0.976923
0.976923
0.976923
0.976923
0.976923
0.976923
0.978846
0.980769
0.980769
0.984615
0.984615
0.984615
0.984615
0.984615
0.984615
0.984615
0.984615
0.984615
0.984615
0.984615
0.984615
0.984615
0.984615
0.984615
0.984615
0.988461
0.988461
0.988461
-0.195343
-0.199797
-0.20425
-0.208704
-0.213157
-0.217611
-0.222064
-0.226517
-0.230971
-0.235424
-0.239878
-0.244331
-0.248785
-0.253238
-0.257692
-0.261538
-0.265384
-0.26923
-0.273076
-0.276923
-0.280769
-0.284615
-0.288461
-0.292307
-0.296153
-0.3
-0.303846
-0.307692
-0.311538
-0.315384
-0.31923
-0.323077
-0.326923
-0.330769
-0.334615
-0.338461
-0.341538
-0.344615
-0.347692
-0.350769
-0.353846
-0.356923
-0.36
-0.363077
-0.366154
-0.369231
-0.375384
-0.381538
-0.387692
-0.393846
-0.4
-0.403077
-0.406154
-0.409231
-0.412308
-0.415385
-0.419231
-0.430769
-0.434615
-0.428205
-0.421795
-0.415385
-0.384615
-0.353846
-0.320512
-0.287179
-0.253846
-0.188461
-0.123076
-0.0923065
-0.0615371
-0.0307678
0.0269247
0.0294888
0.032053
0.0346171
0.033335
0.032053
0.0307709
0.0290615
0.0273521
0.0256427
0.0239333
0.0222239
0.0205145
0.018805
0.0170956
0.0153862
0.0134631
0.0115401
0.00769389
0.00384772
1.54972e-06
-0.00384462
-0.00865233
-0.01346
-0.0182678
-0.0230755
-0.0307678
-0.0365371
-0.0653833
-0.0538448
-0.0499986
-0.034614
-0.034614
-0.034614
-0.034614
-0.034614
-0.0374986
-0.0403832
-0.0432678
-0.0461525
-0.057691
-0.0692295
-0.080768
-0.0923065
-0.103845
-0.115384
-0.126922
-0.138461
-0.149999
-0.161538
-0.178845
-0.196153
-0.207692
-0.215384
-0.242307
-0.242307
-0.238461
0.966975
0.97003
0.972939
0.975701
0.978316
0.980784
0.983105
0.985277
0.987301
0.989176
0.990902
0.992479
0.993906
0.995184
0.996312
0.99729
0.998118
0.998795
0.999322
0.999699
0.999925
1
0.999925
